Structures "F": Vertical walls
;Rc/Hs|q/(gHs^3)^(1/2)
2.027777778|3.97E-05
1.659090909|1.85E-04
1.25862069|1.68E-03
1|1.86E-03
0.924050633|6.14E-03
2.162162162|0.00E+00
1.818181818|2.08E-05
1.333333333|8.19E-04
1.111111111|1.73E-03
0.987654321|3.39E-03
1.944444444|4.67E-06
1.627906977|9.31E-05
1.206896552|1.81E-03
1.014492754|2.49E-03
0.897435897|5.03E-03
2.162162162|0.00E+00
1.818181818|1.56E-05
1.31147541|1.13E-03
1.126760563|1.49E-03
1.012658228|3.62E-03
2.162162162|0.00E+00
1.777777778|4.35E-05
1.333333333|9.82E-04
1.111111111|1.95E-03
0.987654321|3.45E-03
2.432432432|0.00E+00
2.045454545|5.19E-06
1.525423729|4.04E-04
1.304347826|8.27E-04
1.168831169|1.77E-03
1.231060606|1.90E-03
1.354166667|8.69E-04
0.925925926|4.11E-03
0.925925926|2.56E-03
1.5625|4.39E-04
1.637554585|3.53E-04
0.806451613|5.86E-03
0.503597122|1.82E-02
1.064748201|5.74E-03
1.352517986|2.57E-03
1.618705036|1.49E-03
1.809859155|7.60E-04
0.682242991|1.98E-02
1.028037383|8.60E-03
1.392523364|4.32E-03
1.738317757|1.76E-03
2.113207547|8.79E-04
2.439252336|5.19E-04
0.739583333|9.23E-03
1.157894737|3.58E-03
0.898734177|1.18E-03
1.392405063|2.82E-04
0.474452555|2.28E-02
1.014388489|6.53E-03
1.646616541|1.88E-03
0.486111111|2.96E-02
0.734265734|1.99E-02
1.034965035|1.42E-02
1.333333333|7.64E-03
1.595744681|5.22E-03
1.822695035|3.40E-03
0.663551402|1.76E-02
0.865853659|7.14E-03
1.341463415|3.54E-03
0.849162011|4.99E-05
1.512605042|1.98E-03
1.182795699|4.47E-03
1.255707763|3.63E-03
2.213114754|0.00E+00
4.153846154|0.00E+00
7.857142857|0.00E+00
2.675675676|0.00E+00
3.178170144|0.00E+00
2.496847415|0.00E+00
0.775862069|4.87E-03
0.442260442|1.44E-02
0.360721443|2.40E-02
0.290791599|4.04E-02
0.221674877|4.37E-02
0.181634712|4.76E-02
7.053824363|0.00E+00
6.803278689|0.00E+00
7.196531792|0.00E+00
16.06299213|0.00E+00
8.607594937|0.00E+00
5.650969529|0.00E+00
4.299262381|0.00E+00
4.434782609|0.00E+00
13.64806867|0.00E+00
7.378190255|0.00E+00
5.740072202|0.00E+00
4.466292135|0.00E+00
3.3125|0.00E+00
2.731958763|0.00E+00
1.815181518|6.17E-04
1.30952381|7.86E-04
1.291079812|7.34E-04
0.793650794|1.93E-03
0.537634409|1.53E-02
0.320512821|3.77E-02
0.476190476|2.08E-02
0.24691358|4.48E-02
0.208333333|4.16E-02
8.25|0.00E+00
2.6435247|0.00E+00
2.551546392|0.00E+00
2.622516556|0.00E+00
4.481327801|0.00E+00
2.748091603|2.67E-04
1.506276151|1.46E-03
1.216216216|2.23E-03
1.172638436|2.40E-03
0.728744939|2.41E-03
0.474934037|1.46E-02
0.352941176|1.82E-02
0.293159609|3.55E-02
0.23255814|4.21E-02
0.181818182|4.04E-02
0.869565217|1.83E-03
0.480769231|1.18E-02
0.392156863|2.42E-02
0.319488818|3.24E-02
0.253807107|4.54E-02
0.196463654|3.77E-02
1.54494382|9.45E-04
1.219512195|1.61E-03
1.224944321|1.64E-03
1.069518717|6.18E-03
1.724137931|1.66E-03
5.607476636|0.00E+00
2.790697674|0.00E+00
2.169981917|0.00E+00
1.276595745|3.95E-03
8.076923077|0.00E+00
4.365904366|0.00E+00
2.868852459|0.00E+00
2.241195304|0.00E+00
2.272727273|0.00E+00
12.76595745|0.00E+00
4.207573633|0.00E+00
4.026845638|0.00E+00
4.261363636|0.00E+00
13.04347826|0.00E+00
3.726708075|0.00E+00
3.579952267|0.00E+00
3.685503686|0.00E+00
8.333333333|0.00E+00
4.150197628|0.00E+00
2.589395808|9.62E-05
2.046783626|1.94E-04
2.093718843|1.49E-04
4.724409449|0.00E+00
2.790697674|0.00E+00
1.583113456|1.10E-03
2.112676056|0.00E+00
1.225740552|3.19E-03
1.021276596|4.81E-03
0.737704918|7.79E-04
0.476190476|1.19E-02
0.36437247|2.15E-02
0.310344828|2.83E-02
0.233766234|3.35E-02
0.189873418|3.94E-02
4.821428571|0.00E+00
2.713567839|0.00E+00
1.8|3.94E-04
1.330049261|1.06E-03
1.291866029|1.23E-03
7.443609023|0.00E+00
2.538461538|0.00E+00
2.544987147|0.00E+00
2.598425197|0.00E+00
0.796460177|1.70E-03
0.505617978|1.66E-02
0.38961039|2.63E-02
0.332103321|3.62E-02
0.254957507|4.22E-02
0.204545455|3.99E-02
5.294117647|0.00E+00
2.950819672|0.00E+00
1.881533101|3.67E-04
1.417322835|1.23E-03
1.374045802|1.16E-03
9.082568807|0.00E+00
2.877906977|0.00E+00
2.8125|0.00E+00
2.877906977|0.00E+00
0.725806452|2.51E-03
0.478723404|1.64E-02
0.355731225|2.35E-02
0.304054054|3.38E-02
0.235602094|3.98E-02
0.188284519|4.04E-02
4.778761062|0.00E+00
2.571428571|5.35E-04
1.651376147|1.32E-03
1.247113164|1.90E-03
1.171366594|2.23E-03
8.319327731|0.00E+00
2.804532578|0.00E+00
2.661290323|0.00E+00
2.75|0.00E+00
5.776173285|0.00E+00
4.494382022|0.00E+00
3.333333333|0.00E+00
2.749140893|0.00E+00
1.069518717|6.18E-03
1.719197708|1.65E-03
1.419807187|2.70E-05
2.521008403|0.00E+00
1.428571429|0.00E+00
1.090909091|8.06E-05
0.88365243|4.96E-03
0.670391061|9.84E-03
0.552486188|1.46E-02
2.553191489|0.00E+00
1.411764706|0.00E+00
1.100917431|1.05E-04
0.887573964|3.26E-03
0.656455142|6.72E-03
0.539568345|8.79E-03
0.775862069|4.89E-03
0.442260442|1.44E-02
0.360721443|2.40E-02
0.290791599|4.04E-02
0.221674877|4.36E-02
0.181634712|4.76E-02
6.923076923|0.00E+00
3.707093822|0.00E+00
2.913669065|0.00E+00
2.310984308|0.00E+00
1.727078891|0.00E+00
5.607476636|0.00E+00
2.790697674|0.00E+00
2.169981917|0.00E+00
1.276595745|3.95E-03
8.076923077|0.00E+00
4.365904366|0.00E+00
2.868852459|0.00E+00
2.241195304|0.00E+00
2.272727273|0.00E+00
12.76595745|0.00E+00
4.207573633|0.00E+00
4.026845638|0.00E+00
4.261363636|0.00E+00
13.04347826|0.00E+00
3.726708075|0.00E+00
3.579952267|0.00E+00
3.685503686|0.00E+00
8.333333333|0.00E+00
4.150197628|0.00E+00
2.589395808|9.62E-05
2.046783626|1.94E-04
2.093718843|1.49E-04
4.724409449|0.00E+00
2.790697674|0.00E+00
1.583113456|1.10E-03
2.112676056|0.00E+00
1.225740552|3.19E-03
1.021276596|4.81E-03
6.532258065|0.00E+00
3.811764706|0.00E+00
2.913669065|0.00E+00
2.265734266|0.00E+00
1.63141994|0.00E+00
1.351125938|0.00E+00
2.521008403|0.00E+00
1.425178147|0.00E+00
1.098901099|1.04E-04
0.917431193|3.72E-03
0.685714286|9.36E-03
0.574162679|1.26E-02
0.782608696|1.83E-03
0.432692308|1.18E-02
0.352941176|2.42E-02
0.287539936|3.24E-02
0.228426396|4.54E-02
0.176817289|3.76E-02
4.122137405|0.00E+00
2.317596567|2.21E-04
1.516853933|9.46E-04
1.197339246|1.61E-03
1.202672606|1.64E-03
5.859375|0.00E+00
3.260869565|0.00E+00
2.130681818|0.00E+00
1.696832579|5.07E-05
1.685393258|2.78E-05
2.542372881|0.00E+00
1.382488479|0.00E+00
0.892857143|5.76E-03
0.715990453|1.10E-02
0.576923077|1.62E-02
2.43902439|0.00E+00
1.587301587|0.00E+00
0.840336134|8.57E-03
0.704225352|1.36E-02
0.595238095|1.49E-02
6.41025641|0.00E+00
3.378378378|0.00E+00
2.450980392|0.00E+00
1.811594203|0.00E+00
1.785714286|3.03E-05
4.615384615|0.00E+00
2.432432432|2.06E-04
1.782178218|6.17E-04
1.285714286|7.88E-04
1.267605634|7.35E-04
0.714285714|1.93E-03
0.483870968|1.53E-02
0.288461538|3.77E-02
0.428571429|2.08E-02
0.222222222|4.47E-02
0.1875|4.14E-02
0.891530461|5.31E-03
0.695249131|9.96E-03
0.564971751|1.39E-02
2.06043956|0.00E+00
1.602564103|0.00E+00
1.5|9.26E-06
2.654867257|0.00E+00
1.775147929|1.92E-04
1.171875|3.02E-03
1.321585903|3.23E-04
0.906344411|7.65E-03
0.712589074|1.16E-02
7.211538462|0.00E+00
3.768844221|0.00E+00
2.586206897|0.00E+00
2.016129032|1.83E-04
1.932989691|1.30E-04
2.912621359|0.00E+00
1.875|0.00E+00
1.171875|4.80E-03
1.621621622|2.92E-04
0.879765396|1.18E-02
0.714285714|1.98E-02
3.232758621|1.04E-04
2.19941349|4.25E-04
2.083333333|3.84E-04
0.796460177|6.12E-04
0.538922156|1.49E-02
2.727272727|0.00E+00
1.796407186|0.00E+00
1.321585903|3.53E-04
1.136363636|2.66E-03
0.890207715|7.90E-03
0.702576112|1.22E-02
7.575757576|0.00E+00
4.032258065|0.00E+00
2.788104089|2.35E-05
2.04359673|5.99E-05
1.984126984|9.28E-05
2.564102564|0.00E+00
1.657458564|0.00E+00
1.282051282|3.96E-04
1.123595506|3.08E-03
0.890207715|7.15E-03
0.692840647|9.86E-03
6.818181818|0.00E+00
3.55450237|0.00E+00
2.435064935|0.00E+00
1.879699248|5.91E-05
1.838235294|4.46E-05
2.34375|0.00E+00
1.578947368|1.80E-04
1.167315175|3.44E-04
1.020408163|2.21E-03
0.802139037|5.48E-03
0.622406639|8.67E-03
6.355932203|0.00E+00
3.440366972|0.00E+00
2.419354839|1.90E-05
1.842751843|1.28E-04
1.773049645|7.22E-05
2.362204724|0.00E+00
1.546391753|0.00E+00
1.123595506|2.89E-04
0.996677741|2.53E-03
0.777202073|5.79E-03
0.618556701|8.22E-03
6.355932203|0.00E+00
3.472222222|0.00E+00
2.34375|0.00E+00
1.794258373|7.35E-05
1.744186047|4.72E-05
0.737704918|7.79E-04
0.476190476|1.19E-02
0.36437247|2.15E-02
0.310344828|2.83E-02
0.233766234|3.35E-02
0.189873418|3.94E-02
4.821428571|0.00E+00
2.713567839|0.00E+00
1.8|3.94E-04
1.330049261|1.06E-03
1.291866029|1.23E-03
7.443609023|0.00E+00
2.538461538|0.00E+00
2.544987147|0.00E+00
2.598425197|0.00E+00
2.479338843|0.00E+00
1.546391753|0.00E+00
1.219512195|9.53E-05
1.006711409|3.27E-03
0.785340314|6.51E-03
0.621118012|1.14E-02
6.880733945|0.00E+00
3.846153846|0.00E+00
2.559726962|2.06E-05
1.87032419|1.76E-04
1.789976134|4.29E-05
0.796460177|1.70E-03
0.505617978|1.66E-02
0.38961039|2.63E-02
0.332103321|3.62E-02
0.254957507|4.22E-02
0.204545455|3.99E-02
5.294117647|0.00E+00
2.950819672|0.00E+00
1.881533101|3.67E-04
1.417322835|1.23E-03
1.374045802|1.16E-03
9.082568807|0.00E+00
2.877906977|0.00E+00
2.8125|0.00E+00
2.877906977|0.00E+00
7.118055556|0.00E+00
5.297157623|0.00E+00
5.16372796|0.00E+00
13.67521368|0.00E+00
8.556149733|0.00E+00
6.477732794|0.00E+00
5.079365079|0.00E+00
4.134366925|0.00E+00
3.347280335|0.00E+00
13.44537815|0.00E+00
8.421052632|0.00E+00
6.374501992|0.00E+00
5.079365079|0.00E+00
4.081632653|0.00E+00
3.2|0.00E+00
7.218309859|0.00E+00
5.283505155|0.00E+00
5.086848635|0.00E+00
0.737704918|8.19E-04
0.478723404|1.37E-02
0.37037037|2.06E-02
0.308219178|2.76E-02
0.24|3.71E-02
0.190274841|3.75E-02
4.695652174|0.00E+00
2.673267327|0.00E+00
1.719745223|4.24E-04
1.288782816|8.87E-04
1.25|1.05E-03
9|0.00E+00
2.765363128|0.00E+00
2.697547684|0.00E+00
2.757660167|0.00E+00
12.8|0.00E+00
8.510638298|0.00E+00
6.153846154|0.00E+00
5.031446541|0.00E+00
3.8647343|0.00E+00
3.143418468|0.00E+00
6.67752443|0.00E+00
4.90430622|0.00E+00
4.669703872|0.00E+00
3.15920398|0.00E+00
2.369402985|0.00E+00
2.015873016|0.00E+00
1.57960199|0.00E+00
1.223506744|0.00E+00
5.266990291|0.00E+00
3.569078947|0.00E+00
2.659313725|0.00E+00
2.56501182|0.00E+00
3.15920398|0.00E+00
2.343173432|0.00E+00
1.924242424|0.00E+00
1.497641509|0.00E+00
1.178107607|0.00E+00
5.39800995|0.00E+00
3.545751634|0.00E+00
2.601918465|0.00E+00
2.523255814|0.00E+00
3.097560976|0.00E+00
2.259786477|0.00E+00
1.845930233|0.00E+00
1.414253898|0.00E+00
1.144144144|0.00E+00
4.676724138|0.00E+00
3.082386364|0.00E+00
2.432735426|0.00E+00
2.251037344|0.00E+00
3.000000001|0.00E+00
2.4|2.37E-05
2.3125|2.37E-05
1.849999999|1.68E-04
1.5625|4.81E-04
1.25|1.98E-03
3.000000001|0.00E+00
2.4|0.00E+00
2.3125|3.15E-06
1.849999999|3.73E-05
1.5625|4.48E-04
1.25|1.45E-03
3.000000001|0.00E+00
2.4|0.00E+00
2.3125|0.00E+00
1.849999999|2.26E-06
1.5625|6.31E-06
1.25|2.73E-04
2.4|1.36E-05
2.4|1.24E-05
2.4|1.81E-05
1.849999999|1.78E-04
1.849999999|1.69E-04
1.849999999|1.38E-04
1.19047619|1.67E-03
1.19047619|1.64E-03
1.19047619|1.48E-03
2.4|2.82E-05
2.4|2.82E-05
2.4|2.82E-05
1.849999999|5.44E-05
1.849999999|8.12E-05
1.849999999|6.57E-05
1.19047619|1.14E-03
1.19047619|1.20E-03
1.19047619|1.19E-03
2.4|5.63E-06
2.4|5.63E-06
2.4|7.88E-06
1.849999999|1.11E-04
1.849999999|8.02E-05
1.849999999|7.23E-05
1.19047619|1.29E-03
1.19047619|1.22E-03
1.19047619|1.14E-03
1.54787234|9.91E-04
1.093984962|8.83E-03
1.035587188|1.16E-02
2.22162162|5.07E-06
1.562737642|4.49E-04
1.511029411|9.25E-04
2.22162162|0.00E+00
1.545112781|5.89E-05
1.489130435|1.19E-04
2.22162162|0.00E+00
1.539325843|8.04E-05
1.483754513|1.73E-04
1.550943397|8.88E-05
1.500000001|2.12E-04
2.209677419|0.00E+00
1.550943397|3.55E-05
1.489130435|7.65E-05
1.181102362|5.07E-03
0.847457627|1.32E-02
1.5625|2.89E-03
1.123595505|7.30E-03
0.843881856|1.30E-02
1.171875|1.28E-03
0.824175824|7.55E-03
0.632911392|1.45E-02
1.5625|2.42E-04
1.098901099|3.16E-03
0.836820084|8.84E-03
0.751879699|1.12E-02
1.388888889|1.08E-03
1.050420168|4.30E-03
0.87108014|7.63E-03
0.939849624|7.18E-03
1.092896175|9.29E-04
0.826446281|4.09E-03
0.701754386|9.60E-03
0.760456274|6.74E-03
1.366120219|2.20E-04
1.059322034|1.91E-03
0.862068966|5.90E-03
0.954198473|3.20E-03
1.19047619|2.32E-03
0.852272728|8.18E-03
0.641025641|1.51E-02
1.526717557|1.45E-03
1.098901099|4.19E-03
0.847457627|9.06E-03
0.743494424|1.29E-02
1.153846153|5.17E-04
0.833333333|3.12E-03
0.649350649|1.03E-02
0.588235294|1.36E-02
1.123595505|1.64E-03
0.854700854|5.91E-03
0.701754386|1.10E-02
0.775193798|8.10E-03
1.404494382|6.45E-04
1.068376069|3.07E-03
0.874125874|6.21E-03
0.961538462|5.13E-03
1.129943503|4.21E-04
0.873362445|3.07E-03
0.711743772|8.11E-03
0.790513834|5.58E-03
1.412429379|1.22E-04
1.072961374|1.47E-03
0.883392226|4.60E-03
0.9765625|2.36E-03
1.181102362|2.53E-03
0.837988827|8.44E-03
0.638297872|1.60E-02
1.587301587|1.20E-03
1.136363636|3.96E-03
0.854700854|9.12E-03
0.763358778|1.34E-02
1.209677419|4.86E-04
0.837988827|3.31E-03
0.649350649|8.35E-03
0.588235294|1.13E-02
1.123595505|1.71E-03
0.851063829|5.41E-03
0.706713781|9.31E-03
0.78125|6.61E-03
1.420454546|6.56E-04
1.068376069|2.61E-03
0.896057348|4.26E-03
0.961538462|4.35E-03
1.104972375|4.33E-04
0.843881856|2.31E-03
0.729927007|4.95E-03
0.787401575|3.27E-03
1.077586207|9.66E-04
0.877192983|3.25E-03
0.980392157|1.69E-03
1.181102362|1.03E-03
0.833333333|5.29E-03
0.622406639|1.18E-02
0.566037736|1.50E-02
1.176470588|1.40E-03
0.888888889|4.45E-03
0.727272727|8.66E-03
0.8|7.27E-03
1.181102362|1.12E-04
0.842696629|2.37E-03
0.660792952|6.40E-03
0.547445255|1.12E-02
0.6|8.63E-03
1.117318436|2.13E-04
0.843881856|1.97E-03
0.701754386|5.17E-03
0.760456274|4.31E-03
1.096491228|4.18E-04
0.896057348|2.15E-03
0.988142292|1.30E-03
1.136363636|4.10E-05
0.877192982|5.01E-04
0.727272727|2.35E-03
0.793650793|1.18E-03
1.037344398|1.96E-04
0.87108014|1.08E-03
0.932835821|6.93E-04
1.153846153|7.97E-04
0.828729282|3.79E-03
0.627615063|9.34E-03
1.19047619|1.10E-03
0.892857143|3.30E-03
0.714285714|6.81E-03
0.806451613|5.60E-03
1.229508197|4.74E-05
0.877192982|1.52E-03
0.657894737|4.86E-03
0.553505535|1.02E-02
0.6|7.46E-03
1.081081081|4.19E-04
0.819672131|2.66E-03
0.704225352|4.34E-03
0.735294118|3.96E-03
1.116071429|4.66E-04
0.909090909|1.88E-03
1.004016064|1.22E-03
1.169590643|1.29E-04
0.904977376|7.57E-04
0.746268656|2.74E-03
0.816326531|1.42E-03
0.874125874|1.11E-03
0.939849624|6.54E-04
1.19047619|2.26E-04
0.847457627|2.74E-03
0.63559322|7.73E-03
0.531914894|1.21E-02
0.574712644|1.05E-02
1.204819276|7.02E-04
0.884955752|2.95E-03
0.743494424|6.10E-03
0.8|5.44E-03
1.25|4.85E-05
0.872093023|1.53E-03
0.675675676|3.57E-03
0.561797753|7.06E-03
0.614754098|5.01E-03
1.117318436|2.80E-04
0.840336134|1.69E-03
0.696864111|4.01E-03
0.746268656|2.75E-03
1.126126126|4.05E-04
0.92936803|1.29E-03
1.016260163|9.76E-04
0.904977376|6.49E-04
0.809716599|9.32E-04
0.724637681|1.71E-03
1.050420168|1.74E-04
0.868055556|7.86E-04
1.555555556|3.43E-06
0.875|3.04E-04
1.555555556|1.71E-06
1.166666667|2.33E-05
0.875|3.04E-04
0.7|2.32E-03
0.875|8.93E-04
0.7|3.16E-03
0.875|1.65E-03
1.6|3.19E-06
1.846153846|9.88E-07
1.5|8.33E-06
1.263157895|1.57E-04
1.5|2.76E-05
1.333333333|3.29E-04
1.5|1.40E-04
4.907894737|0.00E+00
2.838235294|0.00E+00
1.450704225|4.00E-04
2.838235294|0.00E+00
4.907894737|0.00E+00
1.450704225|2.93E-04
4.042857143|0.00E+00
1.664705882|1.47E-03
1.963157895|3.75E-04
0.686666667|1.12E-02
1.286666667|2.77E-03
0.686666667|1.05E-02
1.963157895|6.60E-04
1.286666667|2.03E-03
4.907894737|0.00E+00
1.2875|1.04E-03
4.907894737|0.00E+00
2.325301205|0.00E+00
1.2875|6.61E-04
2.325301205|0.00E+00
1.286666667|1.20E-03
2.33125|1.66E-04
0.686666667|8.74E-03
0.686666667|9.29E-03
2.33125|3.68E-05
1.286666667|7.05E-04
0.447826087|2.20E-02
2.315|8.86E-04
2.89375|2.13E-04
3.451219512|0.00E+00
1.886666667|3.39E-04
1.415|2.24E-03
2.572222222|6.21E-04
1.015789474|5.60E-03
0.515|1.74E-02
1.865|1.09E-03
1.865|5.46E-04
0.515|1.52E-02
1.865|5.15E-04
1.015789474|4.01E-03
0.742307692|6.87E-03
0.75390625|9.28E-03
0.839130435|4.95E-03
0.839130435|5.06E-03
2.021428571|3.19E-04
0.742307692|4.49E-03
2.572222222|6.95E-04
2.723529412|2.53E-04
1.572222222|9.35E-04
0.447826087|2.07E-02
3.086666667|8.31E-05
1.286666667|9.91E-04
0.686666667|9.53E-03
2.664285714|4.95E-05
1.286666667|1.60E-03
2.664285714|1.13E-04
0.686666667|9.28E-03
2.072222222|2.83E-04
2.072222222|2.08E-04
0.542105263|1.32E-02
1.072222222|3.16E-03
0.542105263|1.48E-02
1.072222222|3.49E-03
1.419354839|4.39E-03
1.419354839|2.06E-03
1.496598639|1.10E-03
1.582733813|7.15E-04
1.764705882|1.93E-03
1.914893617|7.78E-04
1.942446043|1.39E-03
2.030075188|5.33E-04
2.268907563|1.56E-04
2.222222222|1.04E-03
2.272727273|7.39E-04
2.362204724|4.16E-04
2.459016393|2.55E-04
1.764705882|2.85E-03
1.849315068|1.21E-03
2.125984252|2.12E-04
2.246376812|7.41E-04
2.384615385|4.43E-04
0.928571429|3.16E-03
1.031746032|2.03E-03
1.419753086|1.47E-03
1.586206897|7.46E-04
3.03030303|3.79E-04
3.2|2.17E-04
1.675126904|7.89E-04
2.088607595|7.12E-05
2.088607595|1.58E-04
2.024539877|2.47E-04
1.813186813|6.17E-04
1.754385965|3.39E-04
2.054794521|1.89E-04
1.373626374|1.19E-03
1.366120219|9.46E-04
2.251655629|9.09E-04
2.446043165|3.57E-04
1.629392971|3.52E-05
1.420612813|2.11E-05
1.374663073|1.34E-06
1.301020408|2.39E-05
1.370967742|1.43E-04
1.367292225|3.77E-05
1.262376238|7.88E-06
1.113537118|1.19E-04
1.639784946|4.66E-05
1.63538874|7.53E-06
1.495098039|0.00E+00
1.303418803|3.64E-05
1.517857143|6.91E-05
1.294416244|8.07E-05
1.214285714|3.78E-05
1.115973742|1.31E-04
1.694352159|3.00E-05
1.382113821|3.42E-05
1.324675325|1.18E-05
1.275|5.28E-05
1.773255814|1.05E-05
1.653116531|2.70E-06
1.502463054|1.17E-06
1.32034632|4.23E-05
1.629392971|1.73E-05
1.457142857|1.66E-05
1.370967742|4.90E-06
1.287878788|3.88E-05
1.420612813|7.60E-05
1.338582677|3.31E-05
1.262376238|1.42E-05
1.106290672|1.62E-04
1.680440771|1.25E-05
1.311827957|4.13E-05
1.096774194|1.27E-04
1.531531532|6.20E-05
2.090163934|2.51E-05
2.056451613|4.09E-04
1.794117647|1.02E-05
2.401574803|1.12E-04
1.094420601|1.67E-04
1.452991453|8.64E-05
1.9921875|3.58E-05
2.04|4.88E-04
1.768115942|1.55E-05
2.346153846|1.27E-04
1.143497758|1.78E-04
1.540785498|9.82E-05
2|3.92E-05
2.023809524|5.40E-04
1.289640592|4.00E-05
1.794117647|1.73E-05
2.469635628|2.46E-06
2.420634921|1.33E-04
1.352549889|5.37E-05
1.732954545|2.71E-05
2.479674797|1.51E-04
1.108695652|2.39E-04
1.448863636|1.36E-04
1.924528302|7.55E-05
2.073170732|5.44E-04
1.240875912|1.74E-04
1.59375|1.41E-04
2.161016949|1.32E-04
2.198275862|9.13E-04
1.462829736|3.26E-05
1.888544892|1.38E-05
2.573839662|1.49E-05
2.629310345|2.04E-04
1.672131148|1.12E-04
1.624203822|1.28E-04
2.336084722|7.91E-04
2.438231469|8.41E-04
2.247864529|4.46E-04
2.519737947|1.16E-03
2.796420582|4.57E-04
2.219920083|1.14E-03
2.412739263|7.15E-04
2.835538752|4.78E-04
2.632502633|4.58E-04
2.287980476|7.89E-04
1.561365287|8.03E-04
1.845493562|4.01E-04
1.687156683|6.54E-04
1.466409003|9.83E-04
1.369717562|1.34E-03
1.50314612|1.01E-03
1.345852895|1.31E-03
1.376881204|1.35E-03
1.652786675|4.54E-04
1.458451102|1.13E-03
1.504899673|8.31E-04
1.309378806|1.58E-03
1.77808408|3.92E-04
1.399132321|1.40E-03
1.859325454|8.07E-04
1.48419766|6.27E-04
1.415015815|1.13E-03
1.577579807|3.37E-04
1.384590324|2.33E-03
1.401252885|2.01E-03
1.502828854|1.55E-03
1.395730706|3.72E-03
1.639976847|3.11E-03
2.107815706|2.45E-04
2.065435935|3.17E-04
2.014978602|3.08E-04
2.082565426|7.83E-04
2.104674986|5.26E-04
1.689088191|1.74E-03
2.114916713|1.38E-03
1.984545135|7.94E-04
2.74049217|7.53E-04
2.175521681|2.00E-03
2.38946684|1.51E-03
1.99403147|2.47E-03
2.112676056|2.09E-03
2.411417323|1.56E-03
2.045644308|2.27E-03
2.778827977|8.87E-04
2.202907238|1.98E-03
2.115107914|2.06E-03
2.57985258|9.32E-04
2.242220866|2.02E-03
2.364484478|1.64E-03
2.289363028|1.61E-03
2.469343188|1.14E-03
1.54926168|1.47E-03
1.831187411|6.76E-04
1.674077949|7.26E-04
1.455041491|1.49E-03
1.359099597|1.96E-03
1.491493824|8.46E-04
1.335419927|1.62E-03
1.366207706|1.21E-03
1.639974375|4.25E-04
1.44714528|7.43E-04
1.493233784|6.86E-04
1.299228583|1.32E-03
1.764300482|4.54E-04
1.388286334|1.94E-03
1.844912078|1.26E-03
1.512950859|1.59E-03
1.788268956|7.95E-04
1.634841747|1.16E-03
1.420938956|9.36E-04
1.3272457|2.92E-03
1.456536938|1.87E-03
1.546264226|1.36E-03
1.601537476|9.96E-04
1.334187213|2.52E-03
1.413227812|2.14E-03
1.458236118|1.65E-03
2.166753337|4.40E-04
1.72294969|7.03E-04
1.355748373|1.84E-03
2.759134974|8.71E-04
2.190321148|2.25E-03
2.405721717|1.84E-03
2.00759631|2.31E-03
2.127048002|2.71E-03
2.427821522|1.12E-03
2.059560256|3.05E-03
2.797731569|1.04E-03
2.217893002|2.20E-03
2.129496403|2.88E-03
2.597402597|9.84E-04
2.25747407|2.38E-03
2.380569406|1.74E-03
2.304936926|2.20E-03
2.486141441|1.26E-03
3.448275862|9.51E-05
2.558139535|1.33E-04
2.39390642|1.21E-04
3.492063492|1.71E-04
3.492063492|9.91E-05
2.480270575|1.49E-04
2.233502538|1.38E-04
2.244897959|1.60E-04
2.980625931|1.28E-04
2.634730539|1.44E-04
1.851267487|4.33E-04
1.97309417|4.55E-04
2.793650794|3.19E-04
2.793650794|1.94E-04
1.856540084|5.41E-04
1.76|5.74E-04
2.020665901|4.32E-04
2.978003384|4.16E-04
1.410658307|1.05E-03
1.428571429|1.25E-03
1.578947368|1.79E-03
1.143583227|9.04E-04
1.111111111|1.29E-03
1.219346972|1.61E-03
1.627486438|8.89E-04
3.339658444|1.20E-04
2.51788269|3.37E-04
2.334217507|4.16E-04
2.561863173|5.25E-04
2.993197279|3.34E-04
2.630792227|4.71E-04
3.235294118|2.43E-04
2.2|6.12E-04
1.997729852|6.14E-04
2.703533026|2.83E-04
1.743295019|1.18E-03
1.660583942|1.15E-03
1.743295019|1.31E-03
3.684210526|7.71E-05
3.186490455|1.21E-04
3.466453674|1.09E-04
3.616666667|1.25E-04
3.131313131|1.52E-04
4.288537549|9.62E-05
3.84751773|1.42E-04
2.940379404|1.78E-04
2.669755531|1.02E-04
2.340475359|1.24E-04
2.131074259|2.87E-04
1.964221013|3.93E-04
1.946697567|5.21E-04
2.386838631|4.82E-05
2.130204435|2.18E-04
1.930927727|3.37E-04
1.860465116|6.06E-04
1.744548287|8.91E-04
2.287886065|1.17E-04
1.990521327|3.40E-04
1.860465116|7.20E-04
1.728395062|9.09E-04
1.587901701|1.14E-03
4.215851602|9.62E-05
3.736920777|1.21E-04
3.438789546|1.50E-04
3.184713376|2.13E-04
3.03030303|2.38E-04
3.840245776|1.67E-04
3.438789546|2.25E-04
3.144654088|2.79E-04
2.896871379|3.07E-04
2.714440825|4.30E-04
3.698224852|3.02E-04
3.086419753|3.99E-04
2.896871379|4.71E-04
2.688172043|5.14E-04
2.5|6.07E-04
2.630385488|3.86E-04
2.803286612|2.87E-04
3.266685441|1.29E-04
2.329317269|5.91E-04
3.208852006|1.03E-04
1.924672308|9.89E-04
2.249806051|6.45E-04
5.426356589|1.31E-05
3.174603175|2.35E-04
3.383276945|1.92E-04
3.942551394|7.44E-05
2.391527161|6.22E-04
2.554278416|6.61E-04
2.81124498|4.77E-04
3.87275242|5.96E-05
2.715283165|5.15E-04
5.602455871|1.84E-05
6.24465355|6.13E-06
3.740712273|2.53E-04
3.930013459|2.10E-04
4.170237075|1.35E-04
5.858747994|1.82E-05
3.239405369|5.70E-04
3.398510242|6.01E-04
3.545410393|5.01E-04
4.294117647|2.29E-04
3.277216611|5.68E-04
3.209496593|4.19E-04
2.774521297|4.71E-05
3.14159292|2.68E-05
1.679678259|4.12E-04
1.851851852|1.15E-04
3.162583519|1.32E-06
1.329588015|5.36E-04
2.236925016|6.61E-05
2.247456825|1.96E-04
2.477829943|1.40E-04
2.822341058|5.80E-05
1.779026217|7.27E-04
2.041254835|3.33E-04
2.993068683|3.43E-06
1.854744241|4.42E-04
1.184553423|1.16E-04
1.230163612|2.45E-04
0.938086304|5.96E-04
1.480604086|0.00E+00
1.243471773|3.49E-04
0.975609756|8.91E-04
1.649892757|1.78E-04
1.66293195|1.67E-05
1.734104046|6.28E-05
1.322701689|2.15E-04
1.658238269|1.46E-04
1.347992352|4.33E-04
2.191482748|1.14E-04
2.090711756|2.87E-06
2.183510321|1.83E-05
1.703910615|8.67E-05
2.204819277|4.77E-05
1.737891738|2.19E-04
1.754554171|1.94E-04
2.841614907|2.03E-05
1.182872013|2.60E-04
1.246727341|4.57E-04
0.953288847|9.68E-04
1.507386192|8.76E-06
1.221001221|8.20E-04
1.038853106|1.18E-03
1.524157903|4.39E-04
1.106072337|3.05E-05
1.265822785|2.08E-04
0.864304235|3.89E-04
1.366306873|0.00E+00
1.16509379|4.09E-04
0.915750916|8.10E-04
1.52578578|1.01E-04
1.211533802|8.44E-05
1.199040767|1.90E-04
1.027432446|4.15E-04
1.529051988|4.30E-07
1.260239445|2.31E-04
1.066666667|4.45E-04
1.491646778|1.40E-04
0.840807175|1.22E-03
1.151522061|9.08E-04
1.446162658|2.13E-04
0.937866354|5.90E-04
1.302083333|1.98E-03
1.167371954|5.61E-05
1.024327785|1.71E-03
1.315789474|1.17E-03
1.475969749|1.78E-04
1.866707806|3.00E-06
3.051455923|8.96E-05
2.815748941|1.50E-04
2.595752405|1.97E-04
2.604828463|1.97E-04
2.650208749|1.97E-04
2.888465205|1.01E-04
3.062882263|5.74E-05
3.490671263|2.49E-05
4.136690647|2.55E-05
4.964294663|1.55E-06
2.302791262|3.22E-04
2.251971355|2.95E-04
2.248953975|2.95E-04
2.29368932|3.22E-04
2.969257208|1.11E-04
4.361097679|2.01E-05
4.89860583|9.62E-06
5.574136009|2.71E-06
3.333333333|1.62E-05
2.222222222|1.76E-04
1.666666667|3.18E-04
3.333333333|7.19E-06
2.222222222|9.04E-05
1.666666667|6.64E-04
3.333333333|7.19E-06
2.222222222|5.99E-05
1.666666667|1.44E-03
1.333333333|3.77E-03
2.5|4.52E-05
1.666666667|9.28E-04
2.5|6.17E-06
1.666666667|5.63E-04
1.25|2.04E-03
2.5|3.83E-06
1.666666667|4.89E-04
1.25|2.41E-03
1|3.62E-03
1.666666667|2.01E-03
1.111111111|4.95E-03
0.833333333|5.93E-03
1.666666667|1.16E-03
1.111111111|5.00E-03
0.833333333|6.04E-03
1.666666667|8.77E-04
1.111111111|4.62E-03
0.833333333|7.81E-03
0.666666667|1.27E-02
3.333333333|2.00E-05
2.222222222|1.30E-04
2.222222222|2.04E-04
1.666666667|3.81E-04
3.333333333|7.16E-06
2.222222222|5.10E-05
1.666666667|5.15E-04
3.333333333|7.59E-06
2.222222222|4.35E-05
1.666666667|6.46E-04
1.333333333|1.50E-03
2.5|8.35E-06
1.666666667|8.28E-04
1.25|1.47E-03
2.5|6.96E-06
1.666666667|3.39E-04
1.25|3.93E-03
2.5|3.58E-06
1.666666667|5.37E-04
1.25|3.67E-03
1|7.38E-03
1.666666667|8.50E-04
1.111111111|3.42E-03
0.833333333|5.09E-03
1.666666667|7.40E-04
1.111111111|4.52E-03
0.833333333|7.43E-03
1.666666667|6.92E-04
1.111111111|7.09E-03
0.833333333|7.57E-03
0.666666667|1.58E-02
3.333333333|3.49E-05
2.222222222|1.94E-04
1.666666667|2.25E-04
3.333333333|9.63E-06
2.222222222|2.64E-05
1.666666667|3.91E-04
3.333333333|5.75E-06
2.222222222|4.30E-05
1.666666667|5.39E-04
1.333333333|4.25E-03
2.5|3.10E-06
1.666666667|3.82E-04
1.25|8.70E-04
2.5|6.06E-06
1.666666667|1.71E-04
1.25|1.21E-03
2.5|9.68E-06
1.666666667|2.61E-04
1.25|5.19E-03
1|5.93E-03
1.666666667|3.17E-04
1.111111111|2.26E-03
0.833333333|3.80E-03
1.666666667|5.15E-05
1.111111111|2.16E-03
0.833333333|4.82E-03
1.666666667|1.30E-04
1.111111111|2.28E-03
0.833333333|5.09E-03
0.666666667|1.18E-02
3.333333333|1.16E-05
2.222222222|4.73E-05
1.666666667|2.11E-04
2.222222222|5.39E-05
1.666666667|3.08E-04
3.333333333|3.93E-06
2.222222222|2.59E-05
2.222222222|1.89E-05
1.666666667|3.49E-04
1.666666667|3.49E-04
1.333333333|1.02E-03
2.5|3.54E-06
1.666666667|2.96E-04
1.666666667|2.73E-04
1.25|6.78E-04
1.25|4.72E-04
2.5|8.52E-06
1.666666667|1.00E-04
1.666666667|1.11E-04
1.25|9.02E-04
1.25|8.45E-04
2.5|8.25E-06
1.666666667|9.43E-05
1.666666667|9.04E-05
1.25|9.09E-04
1.25|9.74E-04
1|1.66E-03
1.666666667|1.09E-04
1.111111111|2.46E-04
0.833333333|2.06E-03
1.666666667|2.85E-05
1.111111111|1.32E-03
0.833333333|2.91E-03
1.666666667|6.73E-05
1.111111111|1.35E-03
1.111111111|1.28E-03
0.833333333|5.24E-03
0.833333333|3.57E-03
0.666666667|7.41E-03
3.333333333|8.36E-06
2.222222222|2.32E-06
1.666666667|1.80E-06
3.333333333|8.81E-06
2.222222222|1.40E-05
1.666666667|9.44E-06
3.333333333|7.53E-06
2.222222222|2.60E-06
1.666666667|1.81E-05
1.333333333|9.56E-04
2.5|6.71E-06
1.666666667|1.25E-05
1.25|8.35E-06
2.5|3.50E-06
1.666666667|8.97E-06
1.25|1.28E-04
2.5|6.29E-05
1.666666667|1.12E-04
1.25|5.51E-04
1|3.45E-03
1.666666667|7.35E-06
1.111111111|3.27E-04
0.833333333|8.46E-04
1.666666667|1.00E-05
1.111111111|5.52E-04
0.833333333|1.88E-03
1.666666667|1.70E-05
1.111111111|9.88E-04
0.833333333|3.94E-03
0.666666667|9.00E-03
3.333333333|5.44E-06
2.222222222|5.63E-06
1.666666667|3.69E-06
3.333333333|7.40E-06
2.222222222|4.89E-06
1.666666667|3.05E-06
3.333333333|8.67E-06
2.222222222|5.20E-06
1.666666667|1.62E-05
1.333333333|7.39E-05
2.5|3.57E-06
1.666666667|6.01E-06
1.25|9.01E-06
2.5|5.41E-06
1.666666667|4.99E-06
1.25|4.88E-05
2.5|5.81E-06
1.666666667|4.94E-06
1.25|2.27E-04
1|2.53E-03
1.666666667|3.93E-06
1.111111111|2.17E-04
0.833333333|4.17E-04
1.666666667|6.50E-06
1.111111111|3.31E-04
0.833333333|1.37E-03
1.666666667|3.70E-05
1.111111111|8.11E-04
0.833333333|2.92E-03
0.666666667|4.43E-03
3.333333333|2.92E-06
2.222222222|3.76E-06
1.666666667|1.36E-06
3.333333333|5.89E-06
2.222222222|3.04E-06
1.666666667|2.61E-06
3.333333333|6.09E-06
2.222222222|6.72E-06
1.666666667|2.46E-06
1.333333333|8.50E-07
2.5|7.85E-06
1.666666667|5.41E-06
1.25|1.21E-06
2.5|1.09E-05
1.666666667|5.83E-06
1.25|2.42E-06
2.5|7.47E-06
2.5|3.53E-05
1.666666667|3.84E-06
1.25|2.26E-04
1|1.46E-04
1|5.64E-04
1.666666667|5.81E-06
1.111111111|8.97E-06
0.833333333|3.64E-05
0.833333333|3.42E-05
1.666666667|4.57E-06
1.111111111|3.76E-05
0.833333333|5.24E-05
1.666666667|9.30E-06
1.111111111|2.82E-04
0.833333333|1.24E-03
1.111111111|1.76E-03
0.833333333|3.87E-03
1.526717557|2.13E-06
1.162790698|1.13E-05
0.899887514|6.08E-05
0.799200799|1.31E-04
1.544401544|0.00E+00
1.185185185|1.17E-06
0.916380298|3.09E-05
0.788954635|9.67E-05
1.553398058|0.00E+00
1.171303075|2.32E-06
0.902934537|3.42E-05
0.782013685|1.03E-04
1.629327902|0.00E+00
1.215805471|1.13E-06
0.918484501|3.18E-05
0.806451613|1.08E-04
1.173020528|0.00E+00
0.872410033|1.13E-05
0.756143667|3.57E-05
1.507537687|2.59E-04
1.011029412|3.00E-03
;Rc/Hs| q/(gHs^3)^(1/2)
0.38272|0.016878
0.66667|0.0066802
0.98551|0.0020355
1.2985|0.00056582
0.35227|0.01913
0.58824|0.0090242
0.81928|0.0039354
1.1447|0.001054
1.493|0.00025144
0.48077|0.013662
0.75|0.0052356
1.0357|0.0016918
1.3947|0.00037795
1.6667|0.00013271
0.7234|0.0058463
0.96667|0.0022769
1.2619|0.0006705
1.5625|0.00019772
0.65714|0.0075714
0.88776|0.0031865
1.1522|0.0010864
1.4535|0.00031585
0.60526|0.0093543
0.80556|0.004509
1.0291|0.0018758
1.3158|0.00058486
0.38272|0.016878
0.66667|0.0066802
0.98551|0.0020355
1.2985|0.00056582
0.35227|0.01913
0.58824|0.0090242
0.81928|0.0039354
1.1447|0.001054
1.493|0.00025144
0.48077|0.013662
0.75|0.0052356
1.0357|0.0016918
1.3947|0.00037795
1.6667|0.00013271
0.7234|0.0058463
0.96667|0.0022769
1.2619|0.0006705
1.5625|0.00019772
0.65714|0.0075714
0.88776|0.0031865
1.1522|0.0010864
1.4535|0.00031585
0.60526|0.0093543
0.80556|0.004509
1.0291|0.0018758
1.3158|0.00058486
0.33333|0.019453
0.61333|0.0080164
0.92754|0.0025429
1.2388|0.00072206
0.30682|0.021814
0.54118|0.010569
0.77108|0.004718
1.0921|0.0013095
1.4366|0.00031519
0.44231|0.015475
0.70652|0.0061441
0.9881|0.0020525
1.3421|0.00046994
1.6133|0.00016248
0.68085|0.0068267
0.92222|0.0027193
1.2143|0.00081775
1.5125|0.00024092
0.61905|0.008664
0.84694|0.0037368
1.1087|0.0013008
1.407|0.00038103
0.57018|0.010555
0.76852|0.0051849
0.99029|0.0021929
1.2737|0.00069299
0.11111|0.034933
0.37333|0.017012
0.66667|0.0065569
0.97015|0.0021144
0.10227|0.037648
0.32941|0.020536
0.55422|0.010182
0.85526|0.003369
1.1831|0.00089545
0.26923|0.02622
0.51087|0.012138
0.77381|0.0047437
1.1053|0.0012572
1.3733|0.00042252
0.48936|0.013174
0.72222|0.00585
1|0.0019794
1.2875|0.00060401
0.44762|0.015413
0.66327|0.0074185
0.91304|0.002877
1.1977|0.00090026
0.41228|0.017681
0.60185|0.0094512
0.81553|0.0043459
1.0842|0.0014991
0.60494|0.0084352
0.90667|0.0027903
1.2464|0.00072155
1.5672|0.00019417
0.55682|0.010079
0.8|0.0042174
1.0361|0.0016912
1.3816|0.00039418
1.7465|9.5402e-05
0.65385|0.007545
0.94565|0.0024594
1.25|0.00069508
1.6316|0.00014701
1.9067|5.7431e-05
0.91489|0.0028092
1.1667|0.0009985
1.4762|0.00027765
1.7875|8.5635e-05
0.82857|0.004002
1.0714|0.0015173
1.3478|0.00048316
1.6628|0.00014023
0.76316|0.00529
0.97222|0.0023523
1.2039|0.00092068
1.5053|0.00027502
